 10001 1 19 3 1
 10002 1 12 5 1
 10003 1 37 7 1
 10004 1 30 6 1
 10004 1 47 3 1
 10005 1 11 5 1
 10006 1  4 2 1
 10007 1  3 7 1
 10007 1 28 6 1
 10008 1 10 6 4
 10009 1  3 3 1
 10009 1 48 4 1
 10010 1 47 5 1
 10011 1 17 1 1
 10011 1 18 1 1
 10011 1 22 1 1
 10011 1 24 7 1
 10012 1  4 6 1
 10013 1 27 5 2
 10014 1 30 6 1
 10015 1 15 4 2
 10015 1 19 7 1
 10016 1 47 6 1
 10016 1 48 4 1
 10017 1  9 5 1
 10018 1 28 5 1
 10018 1 30 6 1
 10019 1  5 3 1
 10020 1  6 4 1
 10020 1 17 1 1
 10020 1 17 5 1
 10021 1  4 6 2
 10022 1 46 6 1
 10023 1 16 1 1
 10024 1  8 5 1
 10025 1 25 6 1
 10025 1 31 6 1
 10025 1 48 2 1
 10026 1  4 6 1
 10027 1 21 6 1
 10027 1 47 4 1
 10028 1 10 5 2
 10028 1 27 6 2
 10028 1 29 6 1
 10028 1 30 6 1
 10028 1 31 6 1
 10028 1 32 6 1
 10028 1 42 5 1
 10028 1 48 5 1
 10029 1  1 5 1
 10029 1  3 6 1
 10029 1  5 6 1
 10029 1  9 5 1
 10029 1 10 5 1
 10029 1 11 5 2
 10029 1 16 6 1
 10029 1 19 6 2
 10029 1 27 5 1
 10029 1 43 4 1
 10029 1 43 6 1
 10029 1 47 7 1
 10030 1  4 5 1
 10030 1 23 3 1
 10031 1  9 1 1
 10031 1 10 2 1
 10032 1  2 5 1
 10032 1  5 3 1
 10032 1  6 6 1
 10032 1 30 6 2
 10032 1 34 5 1
 10033 1  9 5 1
 10033 1 11 6 1
 10034 1  8 7 3
 10035 1  2 6 1
 10035 1  4 5 1
 10035 1  6 4 1
 10035 1  8 4 1
 10035 1 10 3 2
 10035 1 12 4 1
 10035 1 13 5 2
 10035 1 14 6 2
 10035 1 15 6 1
 10035 1 19 2 2
 10035 1 29 1 1
 10035 1 30 5 2
 10035 1 36 5 2
 10035 1 38 2 2
 10035 1 40 5 2
 10035 1 42 5 2
 10035 1 44 4 2
 10035 1 46 7 1
 10035 1 48 5 1
 10035 1 50 4 2
 10035 1 52 6 2
 10036 1  6 3 1
 10036 1 11 4 1
 10036 1 15 6 1
 10036 1 23 4 2
 10036 1 36 6 1
 10036 1 41 5 1
 10036 1 42 5 1
 10037 1 31 4 1
 10038 1  2 5 1
 10039 1 30 6 1
 10039 1 50 3 1
 10040 1  3 1 1
 10041 1  6 5 1
 10041 1 47 5 1
 10041 1 48 5 2
 10042 1  5 2 1
 10042 1  9 4 1
 10043 1  5 7 1
 10043 1 11 5 2
 10044 1 20 5 1
 10045 1  4 2 1
 10045 1  4 5 1
 10045 1 12 1 1
 10046 1 47 7 1
 10047 1  4 3 1
 10047 1 11 2 1
 10047 1 17 2 1
 10047 1 23 2 2
 10048 1 47 6 1
 10049 1  3 6 1
 10049 1  5 6 1
 10049 1  6 6 1
 10049 1  8 6 1
 10049 1 13 5 1
 10049 1 14 6 1
 10050 1 17 6 1
 10051 1 11 2 1
 10052 1 15 7 1
 10053 1 15 6 2
 10054 1 13 7 1
 10054 1 15 6 1
 10054 1 15 7 1
 10054 1 26 5 1
 10055 1  3 7 1
 10056 1  2 5 2
 10056 1  4 5 1
 10056 1 11 5 1
 10056 1 15 5 1
 10056 1 28 7 2
 10057 1  4 1 1
 10057 1  5 1 1
 10057 1 44 2 1
 10058 1  1 5 1
 10059 1 27 2 2
 10060 1  1 5 1
 10060 1  2 5 1
 10060 1  5 6 1
 10060 1 15 5 1
 10060 1 47 5 2
 10061 1  1 3 1
 10061 1  4 2 1
 10062 1  4 6 1
 10063 1  3 1 1
 10064 1  1 7 2
 10064 1  2 6 1
 10064 1  3 5 2
 10064 1  4 4 2
 10064 1 10 6 2
 10064 1 13 6 2
 10064 1 48 7 2
 10065 1 11 4 3
 10066 1  5 6 1
 10066 1  9 6 3
 10066 1 49 6 4
 10067 1 47 5 1
 10068 1  2 2 1
 10069 1  2 3 1
 10070 1 11 6 1
 10071 1 10 5 1
 10072 1  2 2 1
 10072 1  2 5 1
 10072 1  4 4 1
 10072 1  5 4 1
 10072 1  7 4 1
 10072 1 12 4 1
 10072 1 15 4 1
 10072 1 16 4 1
 10072 1 18 1 1
 10072 1 19 4 1
 10072 1 23 5 1
 10072 1 51 5 1
 10073 1 17 6 1
 10074 1  1 5 2
 10074 1  2 5 1
 10074 1  4 5 1
 10074 1 11 5 1
 10075 1  5 7 1
 10075 1 20 3 1
 10076 1 48 7 2
 10077 1 30 5 1
 10078 1  4 6 1
 10079 1  3 6 1
 10080 1  8 2 1
 10080 1 13 4 1
 10080 1 19 1 1
 10080 1 22 2 1
 10080 1 40 2 1
 10081 1  3 7 1
 10082 1  1 5 1
 10082 1  4 6 1
 10082 1 36 5 1
 10083 1 16 1 1
 10084 1 16 1 1
 10084 1 47 5 1
 10084 1 47 6 1
 10084 1 47 7 1
 10085 1  4 5 1
 10086 1  1 3 1
 10087 1 15 7 1
 10087 1 16 3 1
 10088 1 30 6 2
 10089 1  3 6 1
 10090 1  5 2 2
 10091 1 10 5 2
 10091 1 16 6 1
 10091 1 20 6 2
 10091 1 35 3 2
 10092 1  4 6 1
 10092 1  5 5 1
 10093 1 30 5 2
 10093 1 31 5 1
 10094 1 47 5 1
 10095 1 47 5 1
 10096 1 47 6 1
 10096 1 49 6 1
 10096 1 52 6 1
 10097 1  6 5 1
 10098 1 10 5 1
 10099 1  1 4 1
 10099 1  4 5 1
 10100 1  7 2 2
 10100 1  7 6 2
 10101 1 47 5 2
 10102 1  2 5 1
 10102 1 29 5 1
 10102 1 47 5 4
 10103 1 11 6 1
 10104 1 50 5 2
 10104 1 50 7 2
 10105 1  9 7 1
 10106 1  2 2 1
 10107 1  4 3 1
 10107 1  5 3 1
 10107 1 10 2 2
 10107 1 11 2 2
 10107 1 11 6 4
 10107 1 13 2 1
 10107 1 34 3 2
 10107 1 38 1 1
 10108 1  1 3 2
 10108 1  2 4 1
 10108 1  3 3 1
 10108 1  4 4 1
 10108 1  5 5 2
 10108 1  6 4 1
 10108 1  7 4 1
 10108 1  9 3 1
 10108 1 11 3 1
 10108 1 12 4 1
 10108 1 13 6 1
 10108 1 17 1 1
 10109 1 30 6 1
 10110 1 15 7 1
 10111 1  4 6 1
 10112 1 42 6 1
 10112 1 47 6 2
 10113 1  2 5 1
 10113 1  4 1 1
 10113 1  6 3 1
 10113 1  7 5 1
 10113 1  8 3 1
 10113 1  8 5 1
 10113 1 10 5 1
 10113 1 11 3 1
 10113 1 13 6 1
 10113 1 16 1 1
 10113 1 17 2 1
 10113 1 19 5 1
 10113 1 24 4 1
 10113 1 35 6 1
 10113 1 42 6 2
 10113 1 43 4 1
 10113 1 47 2 2
 10113 1 47 5 2
 10113 1 52 1 1
 10114 1 11 7 1
 10115 1 11 4 2
 10116 1 47 5 1
 10117 1  1 6 1
 10117 1 11 3 2
 10117 1 30 6 1
 10117 1 35 6 2
 10117 1 44 7 1
 10118 1  1 4 1
 10118 1 10 3 1
 10118 1 14 3 1
 10119 1 23 2 1
 10119 1 23 5 1
 10120 1  4 6 2
 10121 1  5 7 1
 10121 1  6 5 1
 10121 1  7 5 1
 10121 1 10 5 1
 10121 1 11 3 1
 10121 1 11 6 1
 10121 1 12 5 1
 10121 1 16 5 2
 10121 1 21 6 1
 10121 1 23 5 1
 10121 1 24 5 2
 10121 1 25 6 2
 10121 1 26 5 2
 10121 1 27 5 2
 10121 1 28 6 4
 10121 1 30 6 2
 10121 1 31 5 2
 10121 1 36 5 1
 10121 1 38 5 1
 10121 1 50 6 1
 10122 1 11 4 2
 10123 1  2 6 2
 10123 1  5 6 1
 10124 1 18 1 1
 10124 1 35 5 1
 10125 1 47 1 1
 10125 1 47 4 1
 10126 1  3 1 1
 10126 1 11 2 1
 10127 1 47 5 3
 10127 1 48 5 2
 10127 1 49 7 1
 10128 1  3 6 1
 10128 1  4 3 1
 10128 1  5 2 2
 10129 1  1 7 1
 10129 1  3 7 1
 10129 1  4 7 1
 10129 1 17 7 1
 10129 1 18 7 1
 10129 1 28 7 1
 10129 1 43 7 1
 10130 1 10 5 1
 10131 1 11 4 2
 10132 1  4 6 1
 10133 1  1 6 1
 10133 1  8 3 1
 10133 1  9 6 1
 10133 1 11 6 1
 10133 1 15 2 1
 10133 1 16 2 1
 10133 1 17 2 1
 10133 1 22 7 1
 10133 1 35 6 1
 10133 1 43 7 1
 10134 1 24 7 1
 10135 1 17 5 1
 10136 1  5 1 1
 10136 1 11 1 2
 10136 1 27 2 2
 10136 1 43 6 1
 10136 1 48 2 1
 10137 1 45 6 1
 10138 1  4 6 1
 10138 1  6 3 1
 10138 1  9 6 1
 10138 1 10 1 1
 10138 1 10 5 1
 10138 1 11 2 2
 10138 1 24 5 1
 10138 1 49 7 1
 10138 1 51 6 1
 10138 1 52 5 1
 10139 1  4 4 1
 10140 1  1 1 1
 10140 1  4 5 1
 10140 1  7 7 1
 10140 1  9 6 1
 10140 1 11 1 1
 10140 1 11 4 1
 10140 1 11 5 1
 10140 1 11 6 1
 10140 1 48 6 1
 10141 1 47 5 2
 10142 1  4 6 1
 10143 1 13 7 1
 10144 1 47 3 1
 10144 1 47 6 1
 10145 1  1 7 1
 10145 1  3 7 1
 10145 1 11 7 1
 10145 1 46 6 1
 10146 1 28 2 1
 10147 1  1 6 1
 10148 1  1 7 1
 10148 1 11 5 1
 10148 1 27 7 1
 10148 1 39 5 1
 10149 1  1 5 1
 10149 1  5 6 1
 10149 1 11 3 2
 10149 1 11 6 1
 10149 1 28 5 1
 10150 1 15 7 1
 10150 1 26 7 1
 10150 1 46 6 1
 10151 1  6 1 1
 10152 1 10 1 1
 10152 1 10 7 1
 10152 1 11 7 3
 10153 1 11 1 1
 10153 1 42 4 1
 10154 1 34 5 1
 10154 1 36 1 1
 10154 1 40 2 1
 10154 1 47 5 2
 10155 1  5 7 1
 10156 1  2 6 1
 10156 1  7 2 2
 10156 1 15 6 1
 10156 1 16 3 1
 10157 1 17 1 1
 10158 1 11 5 1
 10159 1  5 2 1
 10160 1 11 5 1
 10161 1  7 6 2
 10161 1  8 5 2
 10161 1  9 6 2
 10162 1  3 3 2
 10163 1 17 6 1
 10164 1  8 6 1
 10165 1 11 3 1
 10166 1  2 6 1
 10167 1 47 7 1
 10168 1  2 2 1
 10169 1 20 1 2
 10170 1  3 7 1
 10170 1 11 4 1
 10170 1 27 5 1
 10170 1 31 5 1
 10170 1 35 4 1
 10170 1 36 6 1
 10170 1 39 4 1
 10170 1 50 5 1
 10171 1  1 2 1
 10171 1  6 5 1
 10172 1 10 4 1
 10173 1 22 5 1
 10174 1  1 6 1
 10174 1  3 3 1
 10174 1 17 7 1
 10174 1 22 7 1
 10174 1 27 5 1
 10174 1 42 3 1
 10174 1 49 3 1
 10175 1 11 4 1
 10176 1 30 5 1
 10176 1 32 7 1
 10176 1 34 5 2
 10177 1  2 5 1
 10177 1 10 1 1
 10177 1 11 2 2
 10178 1  5 2 1
 10178 1 20 7 1
 10178 1 24 7 2
 10178 1 26 1 1
 10179 1  2 5 1
 10179 1  4 6 1
 10179 1 11 1 1
 10179 1 11 5 2
 10179 1 11 7 3
 10179 1 34 5 2
 10180 1  6 4 1
 10180 1 24 6 1
 10181 1 49 6 1
 10182 1  9 4 1
 10183 1 17 6 1
 10184 1 30 7 1
 10185 1  1 2 1
 10186 1  5 5 1
 10186 1 10 1 1
 10186 1 13 5 2
 10186 1 17 5 1
 10186 1 25 4 1
 10186 1 29 5 1
 10186 1 31 4 1
 10186 1 37 5 1
 10186 1 39 4 1
 10186 1 41 1 1
 10186 1 42 4 1
 10186 1 44 3 1
 10186 1 45 4 1
 10186 1 48 3 1
 10186 1 52 3 2
 10187 1  4 6 1
 10187 1 47 5 1
 10188 1  1 5 2
 10188 1  4 6 1
 10188 1  5 6 1
 10188 1 35 5 1
 10188 1 36 5 1
 10189 1 13 1 1
 10190 1 11 6 2
 10191 1  1 5 1
 10192 1 15 2 1
 10192 1 30 5 1
 10193 1 13 2 1
 10194 1  4 5 1
 10194 1 42 4 1
 10195 1  2 5 1
 10195 1 20 6 1
 10195 1 22 7 1
 10196 1  7 5 1
 10196 1 12 1 2
 10197 1  3 7 1
 10197 1 11 7 2
 10198 1 10 6 1
 10198 1 11 5 2
 10198 1 30 6 1
 10199 1 47 5 1
 10200 1  3 5 2
 10200 1  4 3 1
 10200 1  5 1 1
 10200 1  5 3 1
 10200 1 14 2 1
 10200 1 49 1 1
 10201 1 49 1 1
 10202 1 12 1 1
 10202 1 29 2 1
 10202 1 38 1 1
 10203 1  2 6 1
 10203 1 10 7 1
 10203 1 14 3 2
 10203 1 15 7 1
 10203 1 17 7 2
 10203 1 20 1 1
 10203 1 21 1 1
 10203 1 21 7 3
 10203 1 23 7 2
 10203 1 24 7 2
 10203 1 26 7 2
 10203 1 30 7 2
 10203 1 47 3 3
 10204 1 26 1 1
 10204 1 27 7 1
 10205 1 11 5 3
 10205 1 30 6 2
 10205 1 48 6 1
 20001 2 49 1 1
 20002 2 14 7 1
 20003 2 24 6 1
 20004 2 49 2 1
 20005 2  6 7 1
 20006 2  5 2 1
 20007 2 34 3 1
 20007 2 44 4 1
 20008 2 27 2 2
 20009 2 48 7 1
 20010 2  5 7 1
 20011 2 30 6 3
 20012 2 12 1 1
 20013 2 22 1 3
 20014 2  4 2 1
 20014 2  4 4 1
 20014 2  6 6 2
 20014 2  7 2 3
 20014 2  7 6 3
 20014 2 12 5 2
 20014 2 17 6 1
 20014 2 23 4 2
 20014 2 47 6 2
 20015 2  9 5 1
 20015 2 11 5 1
 20015 2 12 2 2
 20015 2 17 5 1
 20016 2 10 5 1
 20016 2 11 5 1
 20016 2 16 5 1
 20016 2 34 5 2
 20016 2 36 5 1
 20016 2 45 4 1
 20016 2 46 4 2
 20016 2 47 4 2
 20016 2 50 5 1
 20017 2 17 5 1
 20018 2  5 7 1
 20018 2  9 7 1
 20018 2 15 2 1
 20018 2 29 2 1
 20019 2 30 6 1
 20020 2 17 5 1
 20021 2  6 5 1
 20022 2 27 7 1
 20022 2 50 1 1
 20023 2  4 5 1
 20023 2 18 1 1
 20023 2 20 7 2
 20023 2 21 1 1
 20023 2 26 3 2
 20023 2 27 2 4
 20023 2 28 1 3
 20023 2 31 2 8
 20023 2 35 5 2
 20023 2 37 5 2
 20023 2 50 6 2
 20024 2 35 2 2
 20025 2 52 5 1
 20026 2 38 2 1
 20026 2 51 2 2
 20027 2 46 7 1
 20028 2 16 5 1
 20029 2 11 3 1
 20030 2 30 5 1
 20031 2  1 2 1
 20032 2 42 5 1
 20032 2 48 6 1
 20033 2 16 4 1
 20034 2 35 2 1
 20035 2 37 4 1
 20035 2 50 5 1
 20036 2  8 1 2
 20036 2  9 4 2
 20037 2  7 5 1
 20038 2 18 2 1
 20039 2 10 6 1
 20040 2 14 7 1
 20040 2 27 5 2
 20041 2 52 6 1
 20042 2 14 5 1
 20043 2 17 6 1
 20043 2 30 5 1
 20044 2 30 6 1
 20045 2 16 4 1
 20045 2 18 4 1
 20045 2 29 4 2
 20045 2 36 4 1
 20045 2 37 4 1
 20045 2 40 4 1
 20045 2 42 4 1
 20045 2 50 4 1
 20046 2 17 2 1
 20047 2  2 3 1
 20048 2 24 1 1
 20049 2 17 2 1
 20050 2 33 5 1
 20051 2 17 4 1
 20051 2 17 7 2
 20051 2 19 5 1
 20051 2 52 6 2
 20052 2  1 7 1
 20053 2 19 3 1
 20054 2  5 6 1
 20054 2 35 7 1
 20054 2 36 7 1
 20054 2 38 6 1
 20055 2 17 2 1
 20056 2  6 5 1
 20057 2 15 4 1
 20057 2 16 2 1
 20057 2 16 4 3
 20057 2 17 2 1
 20057 2 38 5 1
 20058 2 18 6 1
 20058 2 19 1 1
 20058 2 24 5 1
 20058 2 28 5 1
 20058 2 45 5 1
 20058 2 49 5 1
 20059 2 30 7 1
 20059 2 32 7 1
 20059 2 33 7 1
 20059 2 34 7 1
 20059 2 35 7 1
 20059 2 38 7 1
 20059 2 45 7 1
 20059 2 49 7 2
 20059 2 50 7 2
 20059 2 52 7 2
 20060 2 43 6 1
 20061 2 34 6 1
 20062 2 30 6 1
 20063 2  5 5 1
 20063 2 23 5 2
 20064 2  4 5 2
 20064 2  6 4 1
 20064 2 16 4 1
 20064 2 24 6 1
 20064 2 26 3 2
 20064 2 47 2 1
 20065 2 30 6 2
 20066 2 15 5 1
 20067 2  2 6 1
 20068 2 11 4 1
 20068 2 30 5 1
 20069 2 18 1 1
 20069 2 18 5 1
 20069 2 19 4 2
 20070 2  4 4 1
 20070 2  5 6 1
 20070 2 17 3 1
 20071 2  4 4 1
 20071 2  9 4 1
 20071 2 11 5 1
 20071 2 17 5 1
 20071 2 38 6 1
 20071 2 49 6 1
 20072 2  6 2 1
 20073 2  6 6 3
 20073 2 20 1 3
 20073 2 30 6 2
 20074 2 17 5 1
 20074 2 22 4 1
 20074 2 26 5 1
 20074 2 30 4 1
 20074 2 35 4 1
 20074 2 40 1 1
 20075 2  7 7 1
 20075 2 33 7 1
 20076 2 17 5 2
 20077 2  5 6 1
 20077 2  6 4 1
 20078 2  4 5 1
 20078 2  7 2 1
 20078 2 10 5 2
 20078 2 11 7 2
 20078 2 18 3 2
 20078 2 28 7 2
 20078 2 47 6 2
 20078 2 48 7 1
 20078 2 49 7 1
 20078 2 50 7 2
 20079 2 31 5 1
 20079 2 47 6 1
 20080 2 15 4 2
 20081 2 19 6 1
 20082 2  8 3 2
 20083 2  1 6 2
 20083 2 18 7 2
 20083 2 24 2 1
 20083 2 28 5 1
 20083 2 42 5 1
 20084 2 30 6 1
 20084 2 34 3 2
 20085 2  1 6 1
 20086 2 11 6 1
 20087 2  4 6 1
 20088 2 24 6 2
 20089 2 30 6 1
 20090 2 11 7 1
 20091 2 27 6 1
 20092 2  4 3 1
 20092 2 19 6 1
 20092 2 52 1 1
 20093 2  5 5 1
 20094 2  2 2 1
 20094 2  4 4 2
 20095 2  9 2 1
 20096 2 34 4 1
 20096 2 52 7 1
 20097 2  9 5 2
 20098 2 47 5 1
 20099 2 27 4 2
 20100 2  4 7 1
 20101 2  4 4 1
 20101 2  9 4 1
 20101 2 27 4 1
 20102 2  4 3 2
 20102 2  8 3 2
 20102 2 14 3 2
 20102 2 21 3 2
 20102 2 26 3 2
 20102 2 29 3 2
 20102 2 37 3 2
 20102 2 51 3 2
 20103 2  2 7 1
 20103 2 11 7 2
 20103 2 26 7 1
 20103 2 48 7 1
 20104 2  4 6 2
 20105 2 24 1 2
 20106 2  3 4 1
 20107 2 30 6 1
 20108 2 30 5 1
 20109 2  9 6 1
 20110 2  4 5 1
 20110 2 10 5 1
 20110 2 11 5 1
 20111 2  2 7 1
 20111 2 12 1 1
 20112 2  7 4 1
 20113 2 16 3 1
 20114 2 12 4 1
 20114 2 30 5 1
 20115 2 16 5 1
 20115 2 19 4 1
 20116 2 11 6 1
 20117 2  1 2 1
 20117 2  1 4 1
 20117 2  6 7 1
 20117 2  9 5 1
 20117 2 18 5 1
 20118 2  1 3 1
 20118 2  7 3 1
 20118 2  9 5 1
 20118 2 11 1 1
 20118 2 19 1 2
 20118 2 19 5 1
 20118 2 21 1 1
 20118 2 22 5 1
 20118 2 26 1 2
 20118 2 30 4 1
 20118 2 45 6 2
 20118 2 50 1 1
 20119 2  6 6 1
 20119 2 27 6 1
 20119 2 33 3 1
 20119 2 36 4 1
 20120 2  1 2 1
 20120 2  5 7 1
 20120 2  9 6 1
 20120 2 18 6 2
 20120 2 27 6 1
 20120 2 40 6 1
 20121 2 16 4 1
 20122 2 49 6 1
 20123 2  9 6 1
 20124 2  3 7 1
 20124 2  5 4 1
 20125 2  4 1 1
 20126 2 10 1 1
 20127 2 47 7 2
 20128 2  6 4 1
 20128 2 30 6 1
 20128 2 48 6 1
 20129 2  1 4 1
 20129 2  3 2 1
 20129 2 30 6 2
 20130 2 28 6 1
 20131 2  4 6 1
 20131 2 11 2 1
 20132 2  4 5 1
 20133 2 30 5 1
 20134 2 14 2 1
 20135 2  5 6 1
 20136 2  2 6 1
 20136 2  7 1 1
 20136 2 10 7 1
 20136 2 13 1 1
 20136 2 14 5 1
 20136 2 26 6 1
 20136 2 37 7 1
 20137 2 13 6 1
 20138 2 18 7 1
 20139 2 49 3 1