  1 1 0.0000  0.00 70.03
  2 1 0.0000 30.80 54.50
  3 1 0.0180 49.28 54.41
  4 1 0.1263 60.37 70.77
  5 1 0.0787 36.22 69.04
  6 1 0.0442 47.73 73.20
  7 1 0.0214 54.64  0.00
  8 1 0.0085 58.78  0.00
  9 1 0.0025 35.27 57.02
 10 1 0.0155 42.76 57.93
 11 1 0.1052 47.26 57.44
 12 1 0.0656 49.96  0.00
 13 1 0.0368 29.98  0.00
 14 1 0.0179 32.39  0.00
 15 1 0.0071 36.23 36.37
 16 1 0.0020 38.54 36.25
 17 1 0.0004 39.92 59.66
 18 1 0.0000 41.95  0.00
 19 1 0.0000 45.97  0.00
 20 1 0.0000 48.38  0.00
 21 1 0.0000 53.03  0.00
 22 1 0.0000 46.62  0.00
 23 1 0.0000 47.17 33.77
 24 1 0.0000 47.50 32.16
 25 1 0.0000 52.50  0.00
 26 1 0.0000 31.50  0.00
 27 1 0.0000 30.90 51.03
 28 1 0.0000 28.54 53.53
 29 1 0.0000 27.12  0.00
 30 1 0.0000 26.27  0.00
 31 1 0.0000 15.76  0.00
 32 1 0.0000 19.46  0.00
 33 1 0.0000 21.68  0.00
 34 1 0.0000 23.01 28.10
 35 1 0.0000 13.81 31.72
 36 1 0.0000  8.29  0.00
 37 1 0.0000  4.97  0.00
 38 1 0.0000  2.98  0.00
 39 1 0.0000  1.79  0.00
 40 1 0.0000  1.07  0.00
 41 1 0.0000  0.64  0.00
 42 1 0.0000 12.78 40.69
 43 1 0.0000 20.07 15.51
 44 1 0.0000 24.84  0.00
 45 1 0.0000 27.70  0.00
 46 1 0.0181 29.42  0.00
 47 1 0.1265 29.25 35.80
 48 1 0.0788 29.15 55.02
 49 1 0.0442 17.49 18.64
 50 1 0.0215 10.49  0.00
 51 1 0.0085  6.29  0.00
 52 1 0.0025  3.77  0.00
  1 2 0.0000  0.00 55.61
  2 2 0.0000 30.80 55.82
  3 2 0.0180 49.28 55.65
  4 2 0.1263 60.37 81.17
  5 2 0.0787 36.22 74.45
  6 2 0.0442 47.73 73.82
  7 2 0.0214 54.64 46.83
  8 2 0.0085 58.78  0.00
  9 2 0.0025 35.27 72.41
 10 2 0.0155 42.76 71.52
 11 2 0.1052 47.26 89.32
 12 2 0.0656 49.96 56.05
 13 2 0.0368 29.98 12.58
 14 2 0.0179 32.39 13.33
 15 2 0.0071 36.23 43.31
 16 2 0.0020 38.54 41.46
 17 2 0.0004 39.92 41.95
 18 2 0.0000 41.95 44.47
 19 2 0.0000 45.97 22.90
 20 2 0.0000 48.38  8.82
 21 2 0.0000 53.03  0.00
 22 2 0.0000 46.62  0.00
 23 2 0.0000 47.17 32.20
 24 2 0.0000 47.50 33.40
 25 2 0.0000 52.50 13.05
 26 2 0.0000 31.50  0.00
 27 2 0.0000 30.90 32.11
 28 2 0.0000 28.54 31.26
 29 2 0.0000 27.12  9.05
 30 2 0.0000 26.27  0.00
 31 2 0.0000 15.76  0.00
 32 2 0.0000 19.46  0.00
 33 2 0.0000 21.68 30.96
 34 2 0.0000 23.01 31.00
 35 2 0.0000 13.81 14.68
 36 2 0.0000  8.29  0.00
 37 2 0.0000  4.97  0.00
 38 2 0.0000  2.98  0.00
 39 2 0.0000  1.79  0.00
 40 2 0.0000  1.07  0.00
 41 2 0.0000  0.64  0.00
 42 2 0.0000 12.78 68.12
 43 2 0.0000 20.07 29.16
 44 2 0.0000 24.84 28.13
 45 2 0.0000 27.70  8.72
 46 2 0.0181 29.42 37.48
 47 2 0.1265 29.25 67.37
 48 2 0.0788 29.15 21.53
 49 2 0.0442 17.49 61.61
 50 2 0.0215 10.49 24.84
 51 2 0.0085  6.29 20.95
 52 2 0.0025  3.77 21.62
